0 -0.433240020716 -0.433335383284
1 -0.370496735112 -0.370626878044
2 -0.316366027156 -0.316329804399
3 -0.273742692066 -0.27381400249
4 -0.240203830496 -0.240189017146
5 -0.213346972591 -0.213348219717
6 -0.191490812752 -0.191503080908
7 -0.173349327598 -0.173370055365
8 -0.158130609457 -0.158175616854
9 -0.145224627436 -0.145238059862
10 -0.134107905864 -0.134109379491
11 -0.124533807241 -0.124504647061
12 -0.116108458118 -0.116123588369
13 -0.108717666106 -0.108696042959
14 -0.102147959174 -0.102161827401
15 -0.0963115939433 -0.0963499601626
16 -0.0910670136549 -0.091096720596
17 -0.0863645946105 -0.0863653101446
18 -0.0821144496102 -0.0821180781136
19 -0.0782434264043 -0.0782556071427
20 -0.0747048111293 -0.0747142413845
21 -0.0714624317213 -0.0714633883341
22 -0.0684830633767 -0.0684784837302
23 -0.0657363062485 -0.0657319262542
24 -0.0631957063663 -0.0631955037381
25 -0.0608389174501 -0.060843953707
26 -0.058647100622 -0.0586563289523
27 -0.0566041434067 -0.0566156456614
28 -0.054696014241 -0.0547079198211
29 -0.0529103199702 -0.0529212598216
30 -0.0512360237454 -0.0512452327154
31 -0.0496632611689 -0.0496704891924
32 -0.0481832075966 -0.0481885625844
33 -0.0467879694136 -0.0467917626556
34 -0.0454704866804 -0.0454731113783
35 -0.0442244427947 -0.0442262922672
36 -0.0430441805433 -0.0430456010912
37 -0.0419246251003 -0.0419258946643
38 -0.0408612145431 -0.0408625383762
39 -0.039849838074 -0.0398513543339
40 -0.0388867817348 -0.0388885719099
41 -0.0379686810983 -0.0379707819611
42 -0.0370924802554 -0.0370948953971
43 -0.0362553963508 -0.0362581063001
44 -0.0354548889323 -0.0354578594735
45 -0.0346886334299 -0.034691822097
46 -0.0339544981574 -0.0339578590729
47 -0.0332505243055 -0.0332540116179
48 -0.032574908477 -0.0325784786675
49 -0.031925987383 -0.0319296006962
50 -0.0313022243797 -0.0313058456006
51 -0.0307021975823 -0.0307057963417
52 -0.03012458933 -0.030128140085
53 -0.0295681768195 -0.02957165862
54 -0.0290318237492 -0.0290352198748
55 -0.0285144728436 -0.0285177703718
56 -0.0280151391468 -0.0280183284953
57 -0.0275329039924 -0.0275359784641
58 -0.0270669095663 -0.0270698649168
59 -0.0266163539972 -0.026619188035
60 -0.0261804869125 -0.0261831991379
61 -0.0257586054087 -0.0257611966944
62 -0.0253500503928 -0.0253525227042
63 -0.0249542032532 -0.0249565594081
64 -0.0245704828277 -0.0245727262912
65 -0.0241983426372 -0.0242004773491
66 -0.0238372683586 -0.0238392985892
67 -0.0234867755132 -0.0234887057449
68 -0.0231464073503 -0.0231482421807
69 -0.0228157329061 -0.0228174769694
70 -0.022494345222 -0.0224960031275
71 -0.0221818597071 -0.0221834359901
72 -0.0218779126322 -0.021879411717
73 -0.0215821597422 -0.0215835859141
74 -0.0212942749773 -0.0212956323626
75 -0.0210139492929 -0.0210152418449
76 -0.0207408895691 -0.0207421210597
77 -0.020474817603 -0.020475991618
78 -0.0202154691755 -0.0202165891135
79 -0.0199625931868 -0.0199636622609
80 -0.0197159508559 -0.0197169720968
81 -0.0194753149762 -0.0194762912372
82 -0.0192404692252 -0.0192414031883
83 -0.0190112075227 -0.0190121017052
84 -0.0187873334328 -0.0187881901949
85 -0.0185686596084 -0.0185694811606
86 -0.0183550072726 -0.0183557956838
87 -0.0181462057355 -0.0181469629403
88 -0.0179420919427 -0.0179428197497
89 -0.0177425100546 -0.0177432101535
90 -0.0175473110519 -0.0175479850209
91 -0.0173563523677 -0.0173570016807
92 -0.0171694975424 -0.0171701235754
93 -0.0169866159008 -0.0169872199387
94 -0.0168075822492 -0.0168081654915
95 -0.0166322765916 -0.0166328401586
96 -0.0164605838631 -0.0164611288007
97 -0.0162923936792 -0.0162929209647
98 -0.0161276001012 -0.0161281106475
99 -0.0159661014143 -0.0159665960747
100 -0.0158077999198 -0.015808279492
101 -0.0156526017387 -0.0156530669691
102 -0.0155004166277 -0.0155008682144
103 -0.0153511578045 -0.0153515964011
104 -0.0152047417836 -0.0152051680025
105 -0.0150610882221 -0.0150615026369
106 -0.0149201197725 -0.0149205229212
107 -0.0147817619451 -0.0147821543325
108 -0.0146459429773 -0.0146463250772
109 -0.0145125937097 -0.0145129659672
110 -0.0143816474698 -0.0143820103031
111 -0.0142530399606 -0.0142533937635
112 -0.0141267091566 -0.0141270542994
113 -0.014002595204 -0.0140029320356
114 -0.0138806403266 -0.0138809691759
115 -0.0137607887366 -0.0137611099139
116 -0.0136429865499 -0.013643300348
117 -0.0135271817057 -0.0135274884012
118 -0.0134133238896 -0.0134136237441
119 -0.0133013644619 -0.0133016577228
120 -0.0131912563878 -0.0131915432895
121 -0.0130829541722 -0.0130832349367
122 -0.0129764137972 -0.012976688635
123 -0.0128715926624 -0.0128718617734
124 -0.0127684495289 -0.0127687131028
125 -0.0126669444648 -0.0126672026819
126 -0.0125670387942 -0.0125672918262
127 -0.0124686950482 -0.0124689430584
128 -0.0123718769181 -0.0123721200622
129 -0.012276549211 -0.0122767876373
130 -0.0121826778072 -0.0121829116573
131 -0.0120902296198 -0.0120904590288
132 -0.0119991725557 -0.0119993976528
133 -0.0119094754788 -0.0119096963874
134 -0.0118211081744 -0.0118213250128
135 -0.0117340413157 -0.0117342541969
136 -0.0116482464311 -0.0116484554637
137 -0.0115636958736 -0.0115639011614
138 -0.0114803627909 -0.0114805644338
139 -0.0113982210973 -0.0113984191911
140 -0.0113172454464 -0.011317440083
141 -0.0112374112051 -0.0112376024731
142 -0.011158694429 -0.0111588824134
143 -0.0110810718379 -0.0110812566208
144 -0.0110045207937 -0.0110047024539
145 -0.0109290192779 -0.0109291978914
146 -0.0108545458706 -0.0108547215107
147 -0.0107810797305 -0.0107812524681
148 -0.0107086005756 -0.0107087704788
149 -0.0106370886641 -0.0106372557989
150 -0.0105665247771 -0.0105666892073
151 -0.0104968902009 -0.0104970519881
152 -0.0104281667112 -0.0104283259149
153 -0.0103603365563 -0.0103604932342
154 -0.0102933824427 -0.0102935366506
155 -0.01022728752 -0.010227439312
156 -0.0101620353669 -0.0101621847955
157 -0.0100976099777 -0.0100977570936
158 -0.0100339957492 -0.0100341406016
159 -0.00997117746802 -0.00997132010481
160 -0.0099091402987 -0.00990928076621
161 -0.00984786977191 -0.00984800811519
162 -0.00978735177331 -0.00978748803609
163 -0.00972757253268 -0.00972770675747
164 -0.00966851861354 -0.00966865084164
165 -0.00961017690309 -0.00961030717465
166 -0.0095525346025 -0.00955266295659
167 -0.00949557921764 -0.00949570569226
168 -0.00943929855001 -0.00943942318214
169 -0.00938368068809 -0.00938380351372
170 -0.00932871399891 -0.0093288350531
171 -0.00927438712003 -0.00927450643691
172 -0.00922068895165 -0.0092208065645
173 -0.00916760864913 -0.00916772459036
174 -0.00911513561567 -0.00911524991686
175 -0.00906325949526 -0.00906337218723
176 -0.00901197016592 -0.00901208127872
177 -0.00896125773314 -0.00896136729605
178 -0.00891111252345 -0.00891122056509
179 -0.00886152507838 -0.00886163162664
180 -0.00881248614847 -0.00881259123057
181 -0.00876398668752 -0.00876409033007
182 -0.0087160178471 -0.00871612007605
183 -0.0086685709711 -0.00866867181181
184 -0.0086216375906 -0.00862173706784
185 -0.00857520941881 -0.00857530755678
186 -0.0085292783462 -0.00852937516854
187 -0.0084838364358 -0.00848393196563
188 -0.00843887591862 -0.00843897017854
189 -0.00839438918927 -0.00839448220135
190 -0.00835036880163 -0.00835046058747
191 -0.00830680746471 -0.00830689804544
192 -0.00826369803868 -0.00826378743496
193 -0.00822103353093 -0.00822112176297
194 -0.0081788070923 -0.00817889417987
195 -0.00813701201344 -0.00813709797589
196 -0.00809564172126 -0.00809572657753
197 -0.00805468977546 -0.00805477354409
198 -0.00801414986525 -0.00801423256437
199 -0.00797401580605 -0.00797409745344
200 -0.00793428153641 -0.00793436214945
201 -0.0078949411149 -0.00789502071064
202 -0.00785598871723 -0.00785606731234
203 -0.00781741863331 -0.00781749624413
204 -0.0077792252645 -0.00777930190704
205 -0.0077414031209 -0.00774147881085
206 -0.00770394681873 -0.00770402157146
207 -0.00766685107776 -0.00766692490832
208 -0.00763011071887 -0.00763018364201
209 -0.00759372066158 -0.00759379269178
210 -0.00755767592178 -0.00755774707321
211 -0.00752197160942 -0.00752204189598
212 -0.00748660292631 -0.00748667236162
213 -0.00745156516397 -0.00745163376141
214 -0.00741685370157 -0.00741692147422
215 -0.00738246400384 -0.00738253096457
216 -0.00734839161919 -0.00734845778058
217 -0.00731463217768 -0.0073146975521
218 -0.00728118138927 -0.00728124598884
219 -0.00724803504191 -0.00724809887853
220 -0.00721518899983 -0.00721525208517
221 -0.00718263920181 -0.00718270154731
222 -0.0071503816595 -0.0071504432764
223 -0.00711841245579 -0.00711847335512
224 -0.00708672774325 -0.00708678793583
225 -0.00705532374257 -0.00705538323901
226 -0.00702419674106 -0.00702425555178
227 -0.00699334309118 -0.00699340122642
228 -0.00696275920915 -0.00696281667896
229 -0.00693244157354 -0.00693249838776
230 -0.0069023867239 -0.00690244289223
231 -0.0068725912595 -0.00687264679144
232 -0.006843051838 -0.00684310674289
233 -0.00681376517422 -0.00681381946122
234 -0.00678472803893 -0.00678478171705
235 -0.00675593725765 -0.00675599033573
236 -0.00672738970951 -0.00672744219624
237 -0.00669908232612 -0.00669913423002
238 -0.00667101209044 -0.0066710634199
239 -0.00664317603578 -0.00664322679903
240 -0.00661557124468 -0.00661562144981
241 -0.00658819484795 -0.0065882445029
242 -0.00656104402362 -0.00656109313621
243 -0.00653411599604 -0.00653416457393
244 -0.00650740803488 -0.00650745608562
245 -0.00648091745423 -0.00648096498523
246 -0.0064546416117 -0.00645468863025
247 -0.00642857790755 -0.0064286244208
248 -0.0064027237838 -0.0064027697988
249 -0.00637707672346 -0.00637712224711
250 -0.00635163424962 -0.00635167928873
251 -0.00632639392475 -0.006326438486
252 -0.00630135334986 -0.00630139743982
253 -0.00627651016375 -0.00627655378889
254 -0.00625186204231 -0.00625190520898
255 -0.00622740669773 -0.00622744941218
256 -0.00620314187784 -0.00620318414621
257 -0.00617906536542 -0.00617910719374
258 -0.00615517497748 -0.00615521637171
259 -0.00613146856467 -0.00613150953065
260 -0.00610794401056 -0.00610798455404
261 -0.0060845992311 -0.00608463935772
262 -0.0060614321739 -0.00606147188923
263 -0.00603844081771 -0.00603848012723
264 -0.00601562317182 -0.0060156620809
265 -0.00599297727545 -0.00599301578939
266 -0.00597050119722 -0.00597053932123
267 -0.0059481930346 -0.0059482307738
268 -0.00592605091335 -0.00592608827279
269 -0.00590407298703 -0.00590410997166
270 -0.00588225743646 -0.00588229405118
271 -0.00586060246923 -0.00586063871883
272 -0.00583910631921 -0.00583914220843
273 -0.00581776724607 -0.00581780277956
274 -0.0057965835348 -0.00579661871714
275 -0.00577555349526 -0.00577558833096
276 -0.00575467546175 -0.00575470995525
277 -0.00573394779253 -0.0057339819482
278 -0.00571336886942 -0.00571340269156
279 -0.00569293709737 -0.00569297059022
280 -0.00567265090405 -0.00567268407177
281 -0.00565250873945 -0.00565254158615
282 -0.00563250907547 -0.00563254160519
283 -0.00561265040556 -0.00561268262227
284 -0.00559293124431 -0.00559296315193
285 -0.00557335012711 -0.00557338172951
286 -0.00555390560978 -0.00555393691075
287 -0.00553459626821 -0.00553462727149
288 -0.00551542069799 -0.00551545140726
289 -0.00549637751411 -0.00549640793301
290 -0.00547746535063 -0.00547749548273
291 -0.00545868286029 -0.00545871270911
292 -0.00544002871427 -0.00544005828328
293 -0.00542150160183 -0.00542153089444
294 -0.00540310023001 -0.00540312924958
295 -0.00538482332332 -0.00538485207318
296 -0.0053666696235 -0.0053666981069
297 -0.00534863788914 -0.0053486661093
298 -0.00533072689549 -0.00533075485558
299 -0.00531293543411 -0.00531296313726
300 -0.00529526231265 -0.00529528976194
301 -0.00527770635456 -0.00527773355301
302 -0.00526026639881 -0.00526029334941
303 -0.00524294129969 -0.00524296800539
304 -0.0052257299265 -0.0052257563902
305 -0.00520863116334 -0.0052086573879
306 -0.00519164390887 -0.00519166989709
307 -0.00517476707603 -0.00517479283071
308 -0.00515799959187 -0.00515802511573
309 -0.00514134039728 -0.00514136569304
310 -0.00512478844679 -0.0051248135171
311 -0.00510834270834 -0.00510836755582
312 -0.00509200216306 -0.00509202679029
313 -0.00507576580508 -0.00507579021461
314 -0.0050596326413 -0.00505965683564
315 -0.0050436016912 -0.00504362567283
316 -0.00502767198665 -0.005027695758
317 -0.00501184257169 -0.00501186613518
318 -0.00499611250238 -0.00499613586038
319 -0.00498048084656 -0.00498050400141
320 -0.0049649466837 -0.00496496963771
321 -0.00494950910474 -0.00494953186018
322 -0.00493416721184 -0.00493418977096
323 -0.00491892011829 -0.00491894248329
324 -0.00490376694827 -0.00490378912135
325 -0.00488870683674 -0.00488872882004
326 -0.00487373892924 -0.00487376072488
327 -0.00485886238172 -0.0048588839918
328 -0.00484407636043 -0.00484409778701
329 -0.0048293800417 -0.00482940128682
330 -0.00481477261185 -0.00481479367752
331 -0.00480025326699 -0.00480027415519
332 -0.00478582121289 -0.00478584192557
333 -0.00477147566486 -0.00477149620396
334 -0.00475721584757 -0.00475723621498
335 -0.00474304099493 -0.00474306119253
336 -0.00472895034994 -0.00472897037958
337 -0.00471494316458 -0.00471496302809
338 -0.00470101869965 -0.00470103839883
339 -0.00468717622466 -0.0046871957613
340 -0.00467341501769 -0.00467343439353
341 -0.00465973436527 -0.00465975358205
342 -0.00464613356226 -0.00464615262169
343 -0.00463261191172 -0.00463263081548
344 -0.0046191687248 -0.00461918747455
345 -0.00460580332061 -0.004605821918
346 -0.00459251502612 -0.00459253347278
347 -0.00457930317605 -0.00457932147356
348 -0.00456616711273 -0.00456618526269
349 -0.00455310618604 -0.00455312418999
350 -0.00454011975324 -0.00454013761273
351 -0.00452720717892 -0.00452722489546
352 -0.00451436783488 -0.00451438540997
353 -0.0045016011 -0.00450161853512
354 -0.00448890636019 -0.0044889236568
355 -0.00447628300824 -0.00447630016778
356 -0.00446373044376 -0.00446374746766
357 -0.00445124807308 -0.00445126496274
358 -0.00443883530914 -0.00443885206595
359 -0.0044264915714 -0.00442650819673
360 -0.00441421628578 -0.00441423278097
361 -0.00440200888452 -0.00440202525092
362 -0.00438986880614 -0.00438988504506
363 -0.00437779549533 -0.00437781160807
364 -0.00436578840286 -0.00436580439071
365 -0.00435384698552 -0.00435386284975
366 -0.00434197070602 -0.00434198644788
367 -0.00433015903291 -0.00433017465364
368 -0.00431841144051 -0.00431842694133
369 -0.00430672740882 -0.00430674279094
370 -0.00429510642346 -0.00429512168807
371 -0.00428354797558 -0.00428356312386
372 -0.00427205156179 -0.0042720665949
373 -0.00426061668409 -0.00426063160318
374 -0.00424924284978 -0.00424925765599
375 -0.00423792957143 -0.00423794426588
376 -0.00422667636678 -0.00422669095056
377 -0.00421548275865 -0.00421549723287
378 -0.00420434827494 -0.00420436264068
379 -0.00419327244849 -0.00419328670681
380 -0.00418225481706 -0.00418226896902
381 -0.00417129492327 -0.00417130896991
382 -0.00416039231448 -0.00416040625683
383 -0.00414954654281 -0.00414956038189
384 -0.00413875716502 -0.00413877090182
385 -0.00412802374245 -0.00412803737797
386 -0.004117345841 -0.00411735937623
387 -0.00410672303104 -0.00410673646694
388 -0.00409615488737 -0.00409616822489
389 -0.00408564098913 -0.00408565422922
390 -0.00407518091979 -0.00407519406339
391 -0.00406477426706 -0.0040647873151
392 -0.00405442062287 -0.00405443357625
393 -0.00404411958327 -0.0040441324429
394 -0.00403387074841 -0.00403388351518
395 -0.0040236737225 -0.0040236863973
396 -0.00401352811373 -0.00401354069741
397 -0.0040034335342 -0.00400344602764
398 -0.00399338959996 -0.00399340200399
399 -0.00398339593085 -0.00398340824633
400 -0.00397345215053 -0.00397346437829
401 -0.00396355788641 -0.00396357002726
402 -0.00395371276959 -0.00395372482434
403 -0.00394391643482 -0.00394392840428
404 -0.00393416852048 -0.00393418040544
405 -0.00392446866849 -0.00392448046974
406 -0.00391481652431 -0.00391482824262
407 -0.00390521173688 -0.00390522337302
408 -0.00389565395855 -0.00389566551328
409 -0.00388614284511 -0.00388615431917
410 -0.00387667805565 -0.00387668944979
411 -0.00386725925261 -0.00386727056756
412 -0.00385788610168 -0.00385789733816
413 -0.0038485582718 -0.00384856943053
414 -0.00383927543509 -0.00383928651677
415 -0.00383003726682 -0.00383004827216
416 -0.0038208434454 -0.00382085437508
417 -0.00381169365229 -0.003811704507
418 -0.00380258757201 -0.00380259835243
419 -0.00379352489209 -0.00379353559889
420 -0.00378450530303 -0.00378451593687
421 -0.00377552849825 -0.00377553905978
422 -0.00376659417409 -0.00376660466396
423 -0.00375770202974 -0.00375771244859
424 -0.00374885176724 -0.0037488621157
425 -0.00374004309141 -0.00374005337011
426 -0.00373127570986 -0.00373128591942
427 -0.00372254933292 -0.00372255947395
428 -0.00371386367362 -0.00371387374672
429 -0.00370521844767 -0.00370522845344
430 -0.00369661337341 -0.00369662331245
431 -0.0036880481718 -0.0036880580447
432 -0.00367952256639 -0.00367953237371
433 -0.00367103628324 -0.00367104602557
434 -0.00366258905097 -0.00366259872888
435 -0.00365418060068 -0.00365419021472
436 -0.00364581066593 -0.00364582021665
437 -0.0036374789827 -0.00363748847066
438 -0.00362918528941 -0.00362919471515
439 -0.00362092932683 -0.0036209386909
440 -0.00361271083811 -0.00361272014102
441 -0.00360452956869 -0.00360453881098
442 -0.00359638526635 -0.00359639444854
443 -0.00358827768111 -0.00358828680371
444 -0.00358020656527 -0.00358021562878
445 -0.00357217167331 -0.00357218067826
446 -0.00356417276196 -0.00356418170883
447 -0.00355620959009 -0.00355621847937
448 -0.00354828191871 -0.0035482907509
449 -0.003540389511 -0.00354039828658
450 -0.0035325321322 -0.00353254085165
451 -0.00352470954965 -0.00352471821343
452 -0.00351692153273 -0.00351693014133
453 -0.00350916785288 -0.00350917640674
454 -0.00350144828351 -0.00350145678311
455 -0.00349376260007 -0.00349377104585
456 -0.00348611057992 -0.00348611897234
457 -0.00347849200242 -0.00347850034191
458 -0.00347090664882 -0.00347091493582
459 -0.00346335430227 -0.00346336253723
460 -0.00345583474783 -0.00345584293118
461 -0.00344834777241 -0.00344835590456
462 -0.00344089316474 -0.00344090124613
463 -0.00343347071541 -0.00343347874645
464 -0.00342608021679 -0.00342608819789
465 -0.00341872146304 -0.00341872939461
466 -0.00341139425007 -0.00341140213253
467 -0.00340409837556 -0.0034041062093
468 -0.0033968336389 -0.00339684142431
469 -0.00338959984119 -0.00338960757868
470 -0.00338239678523 -0.00338240447518
471 -0.00337522427548 -0.00337523191827
472 -0.00336808211806 -0.00336808971408
473 -0.00336097012073 -0.00336097767035
474 -0.00335388809286 -0.00335389559645
475 -0.00334683584543 -0.00334684330338
476 -0.00333981319102 -0.00333982060368
477 -0.00333281994375 -0.00333282731148
478 -0.00332585591931 -0.00332586324249
479 -0.00331892093494 -0.0033189282139
480 -0.00331201480937 -0.00331202204447
481 -0.00330513736285 -0.00330514455445
482 -0.00329828841714 -0.00329829556558
483 -0.00329146779544 -0.00329147490105
484 -0.00328467532242 -0.00328468238556
485 -0.00327791082421 -0.0032779178452
486 -0.00327117412836 -0.00327118110753
487 -0.00326446506381 -0.0032644720015
488 -0.00325778346095 -0.00325779035748
489 -0.0032511291515 -0.00325113600719
490 -0.0032445019686 -0.00324450878377
491 -0.00323790174672 -0.00323790852169
492 -0.00323132832168 -0.00323133505676
493 -0.00322478153062 -0.00322478822612
494 -0.00321826121202 -0.00321826786825
495 -0.00321176720565 -0.00321177382291
496 -0.00320529935257 -0.00320530593116
497 -0.00319885749512 -0.00319886403534
498 -0.00319244147689 -0.00319244797904
499 -0.00318605114276 -0.00318605760712
500 -0.0031796863388 -0.00317969276567
501 -0.00317334691234 -0.00317335330202
502 -0.00316703271193 -0.00316703906468
503 -0.00316074358729 -0.0031607499034
504 -0.00315447938936 -0.00315448566912
505 -0.00314823997025 -0.00314824621393
506 -0.00314202518324 -0.0031420313911
507 -0.00313583488275 -0.00313584105508
508 -0.00312966892438 -0.00312967506143
509 -0.00312352716482 -0.00312353326687
510 -0.00311740946191 -0.00311741552922
511 -0.0031113156746 -0.00311132170744
512 -0.00310524566293 -0.00310525166155
513 -0.00309919928804 -0.00309920525269
514 -0.00309317641214 -0.00309318234309
515 -0.00308717689851 -0.003087182796
516 -0.00308120061151 -0.00308120647579
517 -0.00307524741651 -0.00307525324783
518 -0.00306931717994 -0.00306932297855
519 -0.00306340976927 -0.0030634155354
520 -0.00305752505296 -0.00305753078686
521 -0.0030516629005 -0.00305166860241
522 -0.00304582318237 -0.00304582885252
523 -0.00304000577004 -0.00304001140867
524 -0.00303421053597 -0.0030342161433
525 -0.00302843735357 -0.00302844292983
526 -0.00302268609722 -0.00302269164265
527 -0.00301695664227 -0.00301696215709
528 -0.00301124886499 -0.00301125434942
529 -0.00300556264259 -0.00300556809685
530 -0.00299989785321 -0.00299990327752
531 -0.0029942543759 -0.00299425977049
532 -0.00298863209064 -0.00298863745571
533 -0.00298303087827 -0.00298303621404
534 -0.00297745062056 -0.00297745592724
535 -0.00297189120015 -0.00297189647795
536 -0.00296635250054 -0.00296635774966
537 -0.00296083440611 -0.00296083962677
538 -0.0029553368021 -0.0029553419945
539 -0.0029498595746 -0.00294986473894
540 -0.00294440261054 -0.00294440774701
541 -0.00293896579768 -0.00293897090649
542 -0.00293354902461 -0.00293355410597
543 -0.00292815218076 -0.00292815723484
544 -0.00292277515634 -0.00292278018335
545 -0.00291741784238 -0.0029174228425
546 -0.00291208013071 -0.00291208510414
547 -0.00290676191394 -0.00290676686087
548 -0.00290146308548 -0.00290146800609
549 -0.0028961835395 -0.00289618843397
550 -0.00289092317094 -0.00289092803947
551 -0.00288568187551 -0.00288568671827
552 -0.00288045954967 -0.00288046436684
553 -0.00287525609063 -0.00287526088239
554 -0.00287007139633 -0.00287007616287
555 -0.00286490536547 -0.00286491010695
556 -0.00285975789746 -0.00285976261405
557 -0.00285462889242 -0.00285463358431
558 -0.00284951825121 -0.00284952291856
559 -0.00284442587539 -0.00284443051837
560 -0.00283935166721 -0.00283935628599
561 -0.00283429552963 -0.00283430012438
562 -0.0028292573663 -0.00282926193718
563 -0.00282423708154 -0.00282424162872
564 -0.00281923458037 -0.00281923910401
565 -0.00281424976846 -0.00281425426872
566 -0.00280928255216 -0.0028092870292
567 -0.00280433283847 -0.00280433729245
568 -0.00279940053506 -0.00279940496613
569 -0.00279448555022 -0.00279448995855
570 -0.00278958779291 -0.00278959217865
571 -0.00278470717272 -0.00278471153602
572 -0.00277984359987 -0.00277984794087
573 -0.00277499698519 -0.00277500130406
574 -0.00277016724016 -0.00277017153704
575 -0.00276535427685 -0.00276535855189
576 -0.00276055800796 -0.00276056226131
577 -0.00275577834678 -0.00275578257858
578 -0.00275101520721 -0.0027510194176
579 -0.00274626850372 -0.00274627269286
580 -0.00274153815141 -0.00274154231943
581 -0.00273682406593 -0.00273682821298
582 -0.00273212616353 -0.00273213028973
583 -0.00272744436101 -0.00272744846651
584 -0.00272277857576 -0.00272278266071
585 -0.00271812872573 -0.00271813279025
586 -0.00271349472943 -0.00271349877366
587 -0.00270887650591 -0.00270888052999
588 -0.0027042739748 -0.00270427797885
589 -0.00269968705624 -0.0026996910404
590 -0.00269511567094 -0.00269511963534
591 -0.00269055974013 -0.0026905636849
592 -0.00268601918558 -0.00268602311084
593 -0.00268149392957 -0.00268149783546
594 -0.00267698389493 -0.00267698778157
595 -0.00267248900498 -0.00267249287251
596 -0.00266800918358 -0.00266801303211
597 -0.00266354435509 -0.00266354818474
598 -0.00265909444436 -0.00265909825526
599 -0.00265465937677 -0.00265466316904
600 -0.00265023907816 -0.00265024285193
601 -0.00264583347491 -0.00264583723028
602 -0.00264144249384 -0.00264144623094
603 -0.00263706606229 -0.00263706978124
604 -0.00263270410806 -0.00263270780898
605 -0.00262835655945 -0.00262836024244
606 -0.00262402334521 -0.00262402701039
607 -0.00261970439456 -0.00261970804205
608 -0.0026153996372 -0.00261540326711
609 -0.00261110900328 -0.00261111261573
610 -0.00260683242342 -0.00260683601851
611 -0.00260256982867 -0.00260257340652
612 -0.00259832115056 -0.00259832471127
613 -0.00259408632104 -0.00259408986472
614 -0.00258986527252 -0.00258986879928
615 -0.00258565793784 -0.00258566144779
616 -0.00258146425028 -0.00258146774353
617 -0.00257728414355 -0.0025772876202
618 -0.00257311755179 -0.00257312101194
619 -0.00256896440957 -0.00256896785333
620 -0.00256482465187 -0.00256482807934
621 -0.0025606982141 -0.00256070162538
622 -0.00255658503207 -0.00255658842727
623 -0.00255248504202 -0.00255248842123
624 -0.00254839818059 -0.00254840154392
625 -0.00254432438482 -0.00254432773236
626 -0.00254026359216 -0.00254026692401
627 -0.00253621574046 -0.00253621905672
628 -0.00253218076795 -0.00253218406872
629 -0.00252815861327 -0.00252816189864
630 -0.00252414921544 -0.0025241524855
631 -0.00252015251388 -0.00252015576873
632 -0.00251616844836 -0.00251617168809
633 -0.00251219695906 -0.00251220018378
634 -0.00250823798654 -0.00250824119632
635 -0.00250429147171 -0.00250429466666
636 -0.00250035735587 -0.00250036053607
637 -0.00249643558069 -0.00249643874623
638 -0.00249252608818 -0.00249252923915
639 -0.00248862882074 -0.00248863195723
640 -0.00248474372112 -0.00248474684322
641 -0.00248087073243 -0.00248087384022
642 -0.00247700979812 -0.0024770128917
643 -0.00247316086201 -0.00247316394146
644 -0.00246932386827 -0.00246932693367
645 -0.00246549876139 -0.00246550181283
646 -0.00246168548623 -0.0024616885238
647 -0.00245788398798 -0.00245788701175
648 -0.00245409421216 -0.00245409722223
649 -0.00245031610465 -0.00245031910109
650 -0.00244654961164 -0.00244655259453
651 -0.00244279467965 -0.00244279764908
652 -0.00243905125554 -0.00243905421159
653 -0.0024353192865 -0.00243532222924
654 -0.00243159872001 -0.00243160164953
655 -0.00242788950392 -0.00242789242029
656 -0.00242419158636 -0.00242419448966
657 -0.00242050491578 -0.00242050780609
658 -0.00241682944095 -0.00241683231835
659 -0.00241316511096 -0.00241316797553
660 -0.0024095118752 -0.002409514727
661 -0.00240586968335 -0.00240587252247
662 -0.00240223848542 -0.00240224131192
663 -0.0023986182317 -0.00239862104567
664 -0.0023950088728 -0.00239501167431
665 -0.00239141035961 -0.00239141314873
666 -0.00238782264332 -0.00238782542012
667 -0.00238424567541 -0.00238424843997
668 -0.00238067940766 -0.00238068216005
669 -0.00237712379212 -0.00237712653241
670 -0.00237357878115 -0.0023735815094
671 -0.00237004432737 -0.00237004704367
672 -0.0023665203837 -0.0023665230881
673 -0.00236300690333 -0.00236300959591
674 -0.00235950383973 -0.00235950652055
675 -0.00235601114664 -0.00235601381577
676 -0.00235252877808 -0.00235253143559
677 -0.00234905668834 -0.0023490593343
678 -0.00234559483198 -0.00234559746646
679 -0.00234214316383 -0.00234214578689
680 -0.00233870163898 -0.00233870425069
681 -0.00233527021278 -0.0023352728132
682 -0.00233184884086 -0.00233185143006
683 -0.00232843747909 -0.00232844005712
684 -0.0023250360836 -0.00232503865054
685 -0.00232164461078 -0.00232164716669
686 -0.00231826301729 -0.00231826556223
687 -0.00231489126001 -0.00231489379404
688 -0.00231152929609 -0.00231153181928
689 -0.00230817708294 -0.00230817959535
690 -0.00230483457819 -0.00230483707987
691 -0.00230150173973 -0.00230150423075
692 -0.00229817852569 -0.00229818100611
693 -0.00229486489444 -0.00229486736432
694 -0.0022915608046 -0.00229156326399
695 -0.00228826621501 -0.00228826866398
696 -0.00228498108476 -0.00228498352337
697 -0.00228170537318 -0.00228170780148
698 -0.00227843903981 -0.00227844145786
699 -0.00227518204444 -0.0022751844523
700 -0.00227193434709 -0.00227193674481
701 -0.00226869590799 -0.00226869829564
702 -0.00226546668762 -0.00226546906525
703 -0.00226224664668 -0.00226224901434
704 -0.00225903574606 -0.00225903810382
705 -0.00225583394693 -0.00225583629482
706 -0.00225264121063 -0.00225264354872
707 -0.00224945749873 -0.00224945982708
708 -0.00224628277304 -0.0022462850917
709 -0.00224311699557 -0.00224311930458
710 -0.00223996012853 -0.00223996242796
711 -0.00223681213436 -0.00223681442425
712 -0.0022336729757 -0.00223367525612
713 -0.00223054261542 -0.00223054488641
714 -0.00222742101657 -0.00222742327818
715 -0.00222430814243 -0.00222431039471
716 -0.00222120395646 -0.00222120619947
717 -0.00221810842236 -0.00221811065614
718 -0.00221502150399 -0.0022150237286
719 -0.00221194316544 -0.00221194538093
720 -0.00220887337099 -0.00220887557741
721 -0.00220581208512 -0.00220581428251
722 -0.0022027592725 -0.00220276146092
723 -0.00219971489801 -0.0021997170775
724 -0.00219667892671 -0.00219668109732
725 -0.00219365132385 -0.00219365348563
726 -0.00219063205489 -0.00219063420788
727 -0.00218762108545 -0.00218762322971
728 -0.00218461838138 -0.00218462051695
729 -0.00218162390868 -0.00218162603561
730 -0.00217863763356 -0.00217863975189
731 -0.00217565952239 -0.00217566163217
732 -0.00217268954175 -0.00217269164303
733 -0.00216972765839 -0.00216972975121
734 -0.00216677383924 -0.00216677592364
735 -0.0021638280514 -0.00216383012744
736 -0.00216089026219 -0.0021608923299
737 -0.00215796043905 -0.00215796249848
738 -0.00215503854963 -0.00215504060083
739 -0.00215212456176 -0.00215212660476
740 -0.00214921844342 -0.00214922047828
741 -0.00214632016278 -0.00214632218953
742 -0.00214342968817 -0.00214343170687
743 -0.00214054698812 -0.00214054899879
744 -0.00213767203128 -0.00213767403397
745 -0.0021348047865 -0.00213480678126
746 -0.00213194522281 -0.00213194720967
747 -0.00212909330936 -0.00212909528837
748 -0.00212624901551 -0.00212625098671
749 -0.00212341231076 -0.00212341427419
750 -0.00212058316477 -0.00212058512047
751 -0.00211776154739 -0.0021177634954
752 -0.00211494742858 -0.00211494936895
753 -0.00211214077852 -0.00211214271127
754 -0.00210934156749 -0.00210934349267
755 -0.00210654976597 -0.00210655168363
756 -0.00210376534458 -0.00210376725474
757 -0.00210098827409 -0.0021009901768
758 -0.00209821852544 -0.00209822042073
759 -0.00209545606969 -0.00209545795761
760 -0.0020927008781 -0.00209270275868
761 -0.00208995292204 -0.00208995479532
762 -0.00208721217305 -0.00208721403907
763 -0.00208447860282 -0.00208448046162
764 -0.00208175218318 -0.00208175403479
765 -0.00207903288611 -0.00207903473056
766 -0.00207632068373 -0.00207632252107
767 -0.00207361554832 -0.00207361737859
768 -0.0020709174523 -0.00207091927552
769 -0.00206822636821 -0.00206822818443
770 -0.00206554226878 -0.00206554407802
771 -0.00206286512683 -0.00206286692914
772 -0.00206019491535 -0.00206019671077
773 -0.00205753160747 -0.00205753339602
774 -0.00205487517645 -0.00205487695817
775 -0.00205222559569 -0.00205222737061
776 -0.00204958283872 -0.00204958460689
777 -0.00204694687922 -0.00204694864066
778 -0.00204431769101 -0.00204431944575
779 -0.00204169524801 -0.0020416969961
780 -0.00203907952431 -0.00203908126577
781 -0.00203647049412 -0.00203647222899
782 -0.00203386813177 -0.00203386986009
783 -0.00203127241175 -0.00203127413354
784 -0.00202868330864 -0.00202868502394
785 -0.0020261007972 -0.00202610250603
786 -0.00202352485226 -0.00202352655467
787 -0.00202095544883 -0.00202095714485
788 -0.00201839256201 -0.00201839425167
789 -0.00201583616706 -0.00201583785037
790 -0.00201328623932 -0.00201328791634
791 -0.00201074275429 -0.00201074442504
792 -0.0020082056876 -0.00200820735211
793 -0.00200567501497 -0.00200567667327
794 -0.00200315071226 -0.00200315236438
795 -0.00200063275545 -0.00200063440143
796 -0.00199812112065 -0.00199812276051
797 -0.00199561578407 -0.00199561741785
798 -0.00199311672206 -0.00199311834978
799 -0.00199062391107 -0.00199062553277
800 -0.00198813732769 -0.00198813894339
801 -0.00198565694859 -0.00198565855833
802 -0.0019831827506 -0.0019831843544
803 -0.00198071471063 -0.00198071630852
804 -0.00197825280573 -0.00197825439774
805 -0.00197579701305 -0.00197579859921
806 -0.00197334730985 -0.00197334889019
807 -0.00197090367352 -0.00197090524806
808 -0.00196846608154 -0.00196846765032
809 -0.00196603451152 -0.00196603607456
810 -0.00196360894117 -0.0019636104985
811 -0.00196118934831 -0.00196119089995
812 -0.00195877571087 -0.00195877725687
813 -0.0019563680069 -0.00195636954727
814 -0.00195396621455 -0.00195396774931
815 -0.00195157031206 -0.00195157184125
816 -0.00194918027779 -0.00194918180144
817 -0.00194679609023 -0.00194679760836
818 -0.00194441772794 -0.00194441924057
819 -0.00194204516959 -0.00194204667676
820 -0.00193967839397 -0.0019396798957
821 -0.00193731737997 -0.00193731887628
822 -0.00193496210656 -0.00193496359749
823 -0.00193261255285 -0.00193261403841
824 -0.00193026869801 -0.00193027017824
825 -0.00192793052135 -0.00192793199627
826 -0.00192559800225 -0.00192559947188
827 -0.00192327112021 -0.00192327258458
828 -0.00192094985481 -0.00192095131394
829 -0.00191863418575 -0.00191863563967
830 -0.0019163240928 -0.00191632554154
831 -0.00191401955587 -0.00191402099944
832 -0.00191172055491 -0.00191172199335
833 -0.00190942707002 -0.00190942850335
834 -0.00190713908137 -0.0019071405096
835 -0.00190485656921 -0.00190485799238
836 -0.00190257951392 -0.00190258093205
837 -0.00190030789594 -0.00190030930905
838 -0.00189804169583 -0.00189804310395
839 -0.00189578089423 -0.00189578229737
840 -0.00189352547186 -0.00189352687006
841 -0.00189127540956 -0.00189127680284
842 -0.00188903068824 -0.00188903207662
843 -0.00188679128891 -0.0018867926724
844 -0.00188455719266 -0.0018845585713
845 -0.00188232838067 -0.00188232975448
846 -0.00188010483423 -0.00188010620323
847 -0.00187788653469 -0.0018778878989
848 -0.00187567346351 -0.00187567482296
849 -0.00187346560222 -0.00187346695693
850 -0.00187126293246 -0.00187126428244
851 -0.00186906543592 -0.0018690667812
852 -0.00186687309441 -0.00186687443501
853 -0.0018646858898 -0.00186468722575
854 -0.00186250380407 -0.00186250513539
855 -0.00186032681927 -0.00186032814597
856 -0.00185815491754 -0.00185815623964
857 -0.00185598808108 -0.00185598939862
858 -0.0018538262922 -0.00185382760519
859 -0.0018516695333 -0.00185167084175
860 -0.00184951778682 -0.00184951909077
861 -0.00184737103532 -0.00184737233478
862 -0.00184522926142 -0.00184523055642
863 -0.00184309244785 -0.00184309373839
864 -0.00184096057737 -0.00184096186349
865 -0.00183883363286 -0.00183883491458
866 -0.00183671159728 -0.00183671287461
867 -0.00183459445363 -0.00183459572659
868 -0.00183248218504 -0.00183248345365
869 -0.00183037477467 -0.00183037603896
870 -0.00182827220579 -0.00182827346577
871 -0.00182617446173 -0.00182617571742
872 -0.0018240815259 -0.00182408277733
873 -0.0018219933818 -0.00182199462898
874 -0.00181991001298 -0.00181991125593
875 -0.00181783140309 -0.00181783264183
876 -0.00181575753584 -0.00181575877038
877 -0.00181368839501 -0.00181368962538
878 -0.00181162396447 -0.00181162519069
879 -0.00180956422815 -0.00180956545023
880 -0.00180750917006 -0.00180751038802
881 -0.00180545877427 -0.00180545998814
882 -0.00180341302495 -0.00180341423473
883 -0.00180137190631 -0.00180137311203
884 -0.00179933540265 -0.00179933660433
885 -0.00179730349834 -0.00179730469599
886 -0.00179527617782 -0.00179527737146
887 -0.00179325342558 -0.00179325461523
888 -0.00179123522621 -0.00179123641189
889 -0.00178922156435 -0.00178922274608
890 -0.00178721242472 -0.00178721360251
891 -0.0017852077921 -0.00178520896597
892 -0.00178320765135 -0.00178320882132
893 -0.00178121198738 -0.00178121315346
894 -0.00177922078518 -0.00177922194739
895 -0.0017772340298 -0.00177723518816
896 -0.00177525170637 -0.0017752528609
897 -0.00177327380007 -0.00177327495078
898 -0.00177130029616 -0.00177130144307
899 -0.00176933117995 -0.00176933232307
900 -0.00176736643683 -0.00176736757618
901 -0.00176540605224 -0.00176540718784
902 -0.0017634500117 -0.00176345114357
903 -0.00176149830079 -0.00176149942894
904 -0.00175955090514 -0.0017595520296
905 -0.00175760781047 -0.00175760893124
906 -0.00175566900254 -0.00175567011963
907 -0.00175373446717 -0.00175373558061
908 -0.00175180419027 -0.00175180530007
909 -0.00174987815778 -0.00174987926397
910 -0.00174795635573 -0.00174795745831
911 -0.00174603877019 -0.00174603986917
912 -0.0017441253873 -0.00174412648271
913 -0.00174221619325 -0.0017422172851
914 -0.00174031117432 -0.00174031226262
915 -0.00173841031681 -0.00173841140159
916 -0.00173651360711 -0.00173651468837
917 -0.00173462103166 -0.00173462210942
918 -0.00173273257695 -0.00173273365123
919 -0.00173084822955 -0.00173084930036
920 -0.00172896797606 -0.00172896904341
921 -0.00172709180316 -0.00172709286707
922 -0.00172521969758 -0.00172522075807
923 -0.0017233516461 -0.00172335270319
924 -0.00172148763559 -0.00172148868928
925 -0.00171962765293 -0.00171962870324
926 -0.00171777168508 -0.00171777273203
927 -0.00171591971907 -0.00171592076266
928 -0.00171407174196 -0.00171407278221
929 -0.00171222774088 -0.00171222877781
930 -0.00171038770301 -0.00171038873663
931 -0.00170855161558 -0.00170855264591
932 -0.0017067194659 -0.00170672049294
933 -0.0017048912413 -0.00170489226508
934 -0.00170306692919 -0.00170306794971
935 -0.00170124651702 -0.0017012475343
936 -0.0016994299923 -0.00169943100636
937 -0.00169761734259 -0.00169761835343
938 -0.00169580855551 -0.00169580956315
939 -0.00169400361871 -0.00169400462317
940 -0.00169220251993 -0.00169220352121
941 -0.00169040524693 -0.00169040624505
942 -0.00168861178753 -0.00168861278251
943 -0.00168682212961 -0.00168682312146
944 -0.0016850362611 -0.00168503724983
945 -0.00168325416998 -0.0016832551556
946 -0.00168147584427 -0.0016814768268
947 -0.00167970127205 -0.0016797022515
948 -0.00167793044145 -0.00167793141783
949 -0.00167616334065 -0.00167616431398
950 -0.00167439995788 -0.00167440092817
951 -0.00167264028142 -0.00167264124867
952 -0.00167088429959 -0.00167088526383
953 -0.00166913200077 -0.00166913296201
954 -0.00166738337339 -0.00166738433163
955 -0.00166563840592 -0.00166563936118
956 -0.00166389708688 -0.00166389803918
957 -0.00166215940485 -0.00166216035418
958 -0.00166042534843 -0.00166042629482
959 -0.00165869490629 -0.00165869584976
960 -0.00165696806715 -0.0016569690077
961 -0.00165524481977 -0.00165524575741
962 -0.00165352515295 -0.00165352608769
963 -0.00165180905554 -0.0016518099874
964 -0.00165009651644 -0.00165009744543
965 -0.0016483875246 -0.00164838845073
966 -0.00164668206901 -0.00164668299229
967 -0.0016449801387 -0.00164498105915
968 -0.00164328172275 -0.00164328264037
969 -0.00164158681029 -0.0016415877251
970 -0.00163989539049 -0.0016398963025
971 -0.00163820745257 -0.00163820836179
972 -0.00163652298578 -0.00163652389222
973 -0.00163484197944 -0.00163484288311
974 -0.00163316442288 -0.00163316532379
975 -0.0016314903055 -0.00163149120367
976 -0.00162981961673 -0.00162982051217
977 -0.00162815234606 -0.00162815323877
978 -0.00162648848299 -0.001626489373
979 -0.00162482801711 -0.00162482890441
980 -0.00162317093801 -0.00162317182262
981 -0.00162151723534 -0.00162151811728
982 -0.0016198668988 -0.00161986777806
983 -0.00161821991812 -0.00161822079472
984 -0.00161657628306 -0.00161657715702
985 -0.00161493598345 -0.00161493685478
986 -0.00161329900915 -0.00161329987785
987 -0.00161166535006 -0.00161166621614
988 -0.0016100349961 -0.00161003585958
989 -0.00160840793727 -0.00160840879815
990 -0.00160678416359 -0.00160678502188
991 -0.0016051636651 -0.00160516452083
992 -0.00160354643193 -0.00160354728509
993 -0.0016019324542 -0.00160193330481
994 -0.0016003217221 -0.00160032257016
995 -0.00159871422584 -0.00159871507137
996 -0.00159710995569 -0.0015971107987
997 -0.00159550890194 -0.00159550974244
998 -0.00159391105494 -0.00159391189293
999 -0.00159231640505 -0.00159231724055
