# 0 0
0 -0.245413582904 0.0 -0.245711818016 0.0
1 -0.100046317717 0.0 -0.0997499515649 0.0
2 -0.142606846677 0.0 -0.142959899423 0.0
3 -0.287058609703 0.0 -0.28658872962 0.0
4 -0.028924203156 0.0 -0.0285924812299 0.0
5 -0.295701966603 0.0 -0.29576383369 0.0
6 0.00331830261969 0.0 0.00379382718345 0.0
7 -0.204744930296 0.0 -0.204385311623 0.0
8 0.00535902287109 0.0 0.00515374021452 0.0
9 -0.112487811422 0.0 -0.112263719963 0.0
10 0.00287426296992 0.0 0.00240591747598 0.0
11 -0.0526762248545 0.0 -0.0521386275269 0.0
12 0.000655665823034 0.0 0.000745939687943 0.0
13 -0.0218159103402 0.0 -0.0215502091673 0.0
14 -0.000496647300574 0.0 0.000277353991244 0.0
15 -0.00804035569613 0.0 -0.00767700068499 0.0
16 -0.000637689606028 0.0 -0.00100403607513 0.0
17 -0.00256822006181 0.0 -0.00203976474117 0.0
18 -0.000371885665214 0.0 -0.000603321556184 0.0
19 -0.000824319193044 0.0 -0.000269721037058 0.0
20 1.25877192299e-06 0.0 -0.000308789867733 0.0
21 -1.5278001847e-05 0.0 0.000151795038227 0.0
22 0.000190036248522 0.0 -0.00014659853184 0.0
23 -0.000109733034093 0.0 -0.000144776337291 0.0
24 0.000310602139904 0.0 0.000106723842279 0.0
25 -0.000497142325429 0.0 -9.43267050073e-05 0.0
26 0.000332924637883 0.0 -0.000185143673366 0.0
27 -0.000595091655468 0.0 -0.000174042462861 0.0
28 0.00021804980605 0.0 6.28323806133e-05 0.0
29 -0.000427383768216 0.0 -0.000249699467167 0.0
30 -0.000326516036881 0.0 0.000677236196862 0.0
31 0.000220983180629 0.0 4.00472680495e-05 0.0
32 -0.000204364481703 0.0 0.00054062110555 0.0
33 -8.90909820116e-05 0.0 -0.000162653950923 0.0
34 0.000221233821142 0.0 0.000209871409492 0.0
35 -0.000197718862776 0.0 -0.000133308062731 0.0
36 0.000168183516148 0.0 0.00021222525299 0.0
37 -0.000569058573412 0.0 -0.000115300164671 0.0
38 3.21858903323e-05 0.0 0.000298797556521 0.0
39 -0.000243707931011 0.0 -0.000540979602667 0.0
40 -7.86223137532e-05 0.0 0.000113266698918 0.0
41 -0.000144349876072 0.0 -5.9122781019e-05 0.0
42 0.000142146926537 0.0 0.00024128445388 0.0
43 3.10552804656e-05 0.0 -0.000192157584058 0.0
44 0.000120304176901 0.0 0.000287327221367 0.0
45 3.27878237194e-05 0.0 -0.000356418951307 0.0
46 -8.91492401367e-05 0.0 -0.000327154122564 0.0
47 0.000320735940602 0.0 0.000422102872796 0.0
48 -0.000229997794267 0.0 -0.000567639388175 0.0
49 7.21784641719e-05 0.0 0.000444890663065 0.0

# 0 1
0 0.0996184810945 0.0 0.0992460435842 0.0
1 -0.0773046304282 0.0 -0.077246095332 0.0
2 0.0651294035399 0.0 0.0651631752917 0.0
3 -0.0347694769037 0.0 -0.0346516444334 0.0
4 -0.00491112133159 0.0 -0.0053009694631 0.0
5 -0.0134017043719 0.0 -0.0133928943723 0.0
6 -0.0256185570094 0.0 -0.0257683123046 0.0
7 -0.00687847881712 0.0 -0.00687616376428 0.0
8 -0.0187044815882 0.0 -0.018750378281 0.0
9 -0.00316967848087 0.0 -0.00351623314407 0.0
10 -0.00889835244338 0.0 -0.00859923191725 0.0
11 -0.000963553682094 0.0 -0.00111858728106 0.0
12 -0.00298366506368 0.0 -0.0029071126268 0.0
13 -0.000225938837247 0.0 -6.66458467943e-05 0.0
14 -0.000628955802417 0.0 -0.000649142477727 0.0
15 -5.81934494442e-05 0.0 4.75762875156e-05 0.0
16 -0.00015213707053 0.0 7.872726038e-05 0.0
17 -0.000153223076491 0.0 9.03849549657e-06 0.0
18 0.000173314030245 0.0 0.000234175562249 0.0
19 -0.00021432510465 0.0 6.26709392166e-06 0.0
20 0.000346019137655 0.0 -2.57433373661e-05 0.0
21 -0.00019936587661 0.0 -0.000106093502099 0.0
22 0.000215184866509 0.0 0.000328066107206 0.0
23 -8.23525908583e-07 0.0 -0.000149369834584 0.0
24 -0.000102630870866 0.0 0.000143011821449 0.0
25 0.000184675107709 0.0 7.59205410695e-06 0.0
26 0.000142124508093 0.0 0.000232779702542 0.0
27 0.00013254927549 0.0 -0.000195765316508 0.0
28 0.00017406741655 0.0 -8.23076335726e-05 0.0
29 -3.30250175969e-05 0.0 6.70926002619e-05 0.0
30 0.000232298788166 0.0 -0.000208098502541 0.0
31 -7.10157740773e-05 0.0 -7.80691413398e-05 0.0
32 0.000195880626976 0.0 -0.000257850605048 0.0
33 -4.18215202759e-06 0.0 0.000368466429776 0.0
34 -7.8837068436e-05 0.0 -0.000175922879895 0.0
35 3.41198930626e-05 0.0 0.000532483377627 0.0
36 -0.000171399313743 0.0 -4.92608039388e-05 0.0
37 7.72719828496e-05 0.0 0.000143164316834 0.0
38 -0.00029306109554 0.0 0.000214430937102 0.0
39 6.29611920663e-05 0.0 0.000299662812137 0.0
40 8.36662921146e-05 0.0 5.14641904726e-05 0.0
41 -9.11052422669e-05 0.0 0.000155163148042 0.0
42 -7.4795915745e-05 0.0 3.49340124858e-05 0.0
43 4.65062332646e-05 0.0 -4.37260235832e-05 0.0
44 -8.52365762036e-05 0.0 -0.000109449718875 0.0
45 1.7048695442e-05 0.0 0.000118960801416 0.0
46 0.00012996697766 0.0 -4.0641998495e-05 0.0
47 -0.000377000824299 0.0 -0.000278020889916 0.0
48 4.67799492205e-05 0.0 0.000133749502942 0.0
49 -0.000143398585638 0.0 -0.000149620700961 0.0

# 0 2
0 0.099351618075 0.0 0.0998139636055 0.0
1 -0.077198849231 0.0 -0.0772353066246 0.0
2 0.0650069377947 0.0 0.0651771576425 0.0
3 -0.0346240802337 0.0 -0.0345832210998 0.0
4 -0.00489302188775 0.0 -0.00532731713653 0.0
5 -0.0135816877211 0.0 -0.0135984569374 0.0
6 -0.0256815326523 0.0 -0.0257224258336 0.0
7 -0.00676088060001 0.0 -0.00727365788495 0.0
8 -0.0189480657564 0.0 -0.018810705694 0.0
9 -0.00335337496497 0.0 -0.00329648959443 0.0
10 -0.00901317413034 0.0 -0.00876240686535 0.0
11 -0.00104656294802 0.0 -0.00114428567513 0.0
12 -0.0028699637093 0.0 -0.00290004905959 0.0
13 -0.000438037287007 0.0 0.000235516077504 0.0
14 -0.000223147932093 0.0 -0.000743885762868 0.0
15 -0.000293721333381 0.0 0.000295743363516 0.0
16 0.00024792000008 0.0 0.000370682334736 0.0
17 -0.000150774041832 0.0 -0.000171860298612 0.0
18 0.000193698861118 0.0 0.000143786306575 0.0
19 -7.27831193561e-05 0.0 -0.000272176369562 0.0
20 -1.73804042129e-05 0.0 7.11917894442e-05 0.0
21 -3.0029859873e-05 0.0 -0.000214224613604 0.0
22 0.000119213555202 0.0 -0.000113467622481 0.0
23 3.6417032307e-05 0.0 0.000106418416135 0.0
24 0.000293651859614 0.0 -0.000129963800657 0.0
25 0.000109683570143 0.0 -9.4010638538e-05 0.0
26 6.6471751364e-05 0.0 -6.09943940041e-05 0.0
27 0.000133922870127 0.0 -0.000239436366013 0.0
28 1.8198358522e-05 0.0 1.50097294181e-05 0.0
29 -0.000153989832337 0.0 -0.000219011098236 0.0
30 4.85195269408e-05 0.0 5.97667622823e-05 0.0
31 2.94838708004e-05 0.0 5.63007864989e-05 0.0
32 -0.00012755431658 0.0 -0.00010679547009 0.0
33 -0.000124912034803 0.0 0.000258477313533 0.0
34 7.59885051258e-07 0.0 -0.000124419785696 0.0
35 4.87130646567e-05 0.0 0.000140751124108 0.0
36 -0.000461137658641 0.0 8.22680634719e-05 0.0
37 0.000264157075366 0.0 0.000305617561361 0.0
38 -0.000354089440721 0.0 -0.000184586477584 0.0
39 0.000189060124289 0.0 0.000188748195157 0.0
40 -0.000210013262832 0.0 8.73639378673e-05 0.0
41 8.71947779964e-05 0.0 -3.50401047658e-05 0.0
42 -0.000138708207692 0.0 0.000214532128731 0.0
43 -3.25732478604e-05 0.0 -0.000139599790966 0.0
44 0.000146906363515 0.0 -4.97652608254e-05 0.0
45 -0.000105772573683 0.0 -9.87618871329e-05 0.0
46 0.000180604496974 0.0 -6.09915246246e-05 0.0
47 -4.81477513929e-05 0.0 -0.000146377836318 0.0
48 0.000159659509217 0.0 7.87441101715e-05 0.0
49 -0.000188721692088 0.0 -0.000303726648043 0.0

# 1 0
0 0.0991833266862 0.0 0.0989730279232 0.0
1 -0.0772760335294 0.0 -0.0772161296532 0.0
2 0.0649399779866 0.0 0.0649179774331 0.0
3 -0.0348365922017 0.0 -0.0347363453803 0.0
4 -0.00525496540126 0.0 -0.00504974057922 0.0
5 -0.0137029268472 0.0 -0.0133922460767 0.0
6 -0.0258936265337 0.0 -0.0257220918678 0.0
7 -0.00713328782024 0.0 -0.00698224010206 0.0
8 -0.0188748507267 0.0 -0.0190549285633 0.0
9 -0.0036744177833 0.0 -0.00357852691114 0.0
10 -0.00880067326411 0.0 -0.00862402480369 0.0
11 -0.00146783708813 0.0 -0.00134380769395 0.0
12 -0.00285488387196 0.0 -0.00297378048807 0.0
13 -0.000539727819382 0.0 -0.0003094261292 0.0
14 -0.000664370082285 0.0 -0.000693569617686 0.0
15 0.000249432312002 0.0 0.000310273422972 0.0
16 -0.000214911567095 0.0 -9.92066842813e-05 0.0
17 0.000388733976473 0.0 3.90739488943e-05 0.0
18 3.65537584365e-05 0.0 -1.72591296363e-05 0.0
19 0.000317791787569 0.0 -5.02752900119e-05 0.0
20 -1.13143409176e-05 0.0 -0.000226224636886 0.0
21 -6.01567242276e-05 0.0 -1.50502525049e-05 0.0
22 0.000312735522115 0.0 -0.000247841413307 0.0
23 -3.52002137323e-05 0.0 -0.000214450852379 0.0
24 0.000108489586934 0.0 7.39940061464e-05 0.0
25 -3.25004638342e-06 0.0 4.50048327356e-05 0.0
26 -4.67829339437e-05 0.0 -0.000136495100009 0.0
27 -0.000174558634844 0.0 -0.000154661186535 0.0
28 0.000312388054419 0.0 0.000118698751231 0.0
29 -0.000178047857821 0.0 -0.000224441377135 0.0
30 0.000121678338868 0.0 -1.1423941728e-05 0.0
31 -0.00012158424946 0.0 -0.000199021258207 0.0
32 -3.39446566593e-05 0.0 -0.000173587268806 0.0
33 0.000392613742473 0.0 -0.000111325050313 0.0
34 -0.000113307707016 0.0 3.37632366663e-05 0.0
35 0.000264874766818 0.0 -6.32461691766e-05 0.0
36 -0.000345629185788 0.0 -0.000176575605709 0.0
37 0.000229775295804 0.0 0.000229056189619 0.0
38 -0.000327957001822 0.0 -0.000219875638496 0.0
39 7.1323235891e-05 0.0 0.000245896106258 0.0
40 -0.000328822048567 0.0 -5.34217220794e-06 0.0
41 0.000229987017017 0.0 0.000127015915681 0.0
42 -0.000328330384734 0.0 2.16471464365e-05 0.0
43 0.000158574241817 0.0 -0.000130850744102 0.0
44 -0.000274651783194 0.0 0.000295362615165 0.0
45 0.000259112316534 0.0 -0.000294006328226 0.0
46 -0.000280856430337 0.0 0.000261924058489 0.0
47 -9.68789824367e-05 0.0 -0.000371196323095 0.0
48 -0.000278145976154 0.0 0.000408281378395 0.0
49 -0.000112278885684 0.0 -0.000447411606299 0.0

# 1 1
0 -0.245826145283 0.0 -0.244972024162 0.0
1 -0.0995389452489 0.0 -0.0997274125939 0.0
2 -0.142960105398 0.0 -0.14297199607 0.0
3 -0.285932163153 0.0 -0.286203250074 0.0
4 -0.0292225715458 0.0 -0.0283026824459 0.0
5 -0.295223015305 0.0 -0.295443633103 0.0
6 0.00284218974181 0.0 0.00418187138011 0.0
7 -0.204371500643 0.0 -0.204578349132 0.0
8 0.00462614992288 0.0 0.00576102593504 0.0
9 -0.11237191385 0.0 -0.112057401283 0.0
10 0.00218887448996 0.0 0.00251511561275 0.0
11 -0.052787551679 0.0 -0.0521125983064 0.0
12 0.000378536515473 0.0 0.00100479377273 0.0
13 -0.0216240120037 0.0 -0.0218328163233 0.0
14 -0.000340160745903 0.0 9.09958943332e-05 0.0
15 -0.00807636181279 0.0 -0.00872079388785 0.0
16 -0.000138219443494 0.0 -1.61404307693e-05 0.0
17 -0.00265781718036 0.0 -0.00300494669506 0.0
18 -0.000501139581846 0.0 -0.000336203536691 0.0
19 -0.00102880765433 0.0 -0.000967721161319 0.0
20 8.62998327396e-05 0.0 -0.000423796129974 0.0
21 -0.00060148691961 0.0 -0.00024258940701 0.0
22 9.14433275279e-05 0.0 -0.00037194665254 0.0
23 2.65157561933e-05 0.0 0.00037853493526 0.0
24 5.16782108921e-05 0.0 -0.000504289928681 0.0
25 1.29892648514e-05 0.0 -6.3494731244e-05 0.0
26 3.73908136958e-05 0.0 -0.000204697845778 0.0
27 0.000443908180772 0.0 0.000137180016076 0.0
28 -0.000343393430134 0.0 0.000121440063336 0.0
29 0.000508527306393 0.0 -0.000157729650844 0.0
30 -0.000199598875685 0.0 0.000238372780677 0.0
31 -1.75582719564e-05 0.0 -0.000172785369928 0.0
32 0.000265531652005 0.0 9.45535088092e-05 0.0
33 -0.000357792962492 0.0 0.000139113270595 0.0
34 0.000683543670618 0.0 8.77421065301e-05 0.0
35 -0.000499784817301 0.0 0.000154167887691 0.0
36 0.000531675689951 0.0 0.000337749302112 0.0
37 -5.15805497775e-05 0.0 0.000107887609227 0.0
38 0.000462993878987 0.0 0.000284286359081 0.0
39 0.000125926365285 0.0 0.000153343793325 0.0
40 0.000239369576505 0.0 0.000106998723326 0.0
41 -0.000117215297365 0.0 0.000482828881477 0.0
42 0.000399332655022 0.0 -0.000162129528102 0.0
43 -0.000688200915092 0.0 0.000607894853493 0.0
44 0.000616449944999 0.0 -0.000380394944619 0.0
45 -0.000529619835559 0.0 0.000782192144952 0.0
46 0.000491328700219 0.0 -0.00056595764026 0.0
47 -0.000251335424397 0.0 0.00053265897742 0.0
48 0.000112538047937 0.0 -0.000463925096544 0.0
49 3.16347601878e-05 0.0 0.000348720062808 0.0

# 1 2
0 0.0995169016173 0.0 0.0992350773793 0.0
1 -0.0774997549468 0.0 -0.0770779097867 0.0
2 0.0649898270848 0.0 0.0651001714811 0.0
3 -0.0348067341692 0.0 -0.0347518761915 0.0
4 -0.00528823961949 0.0 -0.00516243970114 0.0
5 -0.0133165179995 0.0 -0.0132847023511 0.0
6 -0.0257665221031 0.0 -0.0259823325492 0.0
7 -0.00702756870922 0.0 -0.0068789226659 0.0
8 -0.0186817311495 0.0 -0.0189908526568 0.0
9 -0.00330079967375 0.0 -0.00347176875356 0.0
10 -0.00890909889001 0.0 -0.00870056710479 0.0
11 -0.000978874704129 0.0 -0.00129463765677 0.0
12 -0.0028926617788 0.0 -0.00300109703394 0.0
13 -0.000472853596393 0.0 -0.000542096514308 0.0
14 -0.000376806780598 0.0 -0.000839604978581 0.0
15 -9.45973094437e-05 0.0 -2.96713211216e-05 0.0
16 0.000180778940899 0.0 -0.00018224887228 0.0
17 -6.53860942241e-05 0.0 0.000164667630118 0.0
18 0.000264406155531 0.0 3.74805017831e-05 0.0
19 -5.16745660377e-05 0.0 -1.06054569756e-05 0.0
20 -0.000249762089522 0.0 -1.6492806371e-06 0.0
21 -0.000250458704663 0.0 -0.000159465156522 0.0
22 5.37739974883e-05 0.0 -2.67332707154e-05 0.0
23 -0.000176531080662 0.0 -0.000421113435549 0.0
24 7.82892881012e-05 0.0 -3.41716024224e-05 0.0
25 -0.00013603199465 0.0 -4.88350018087e-05 0.0
26 3.90155477953e-05 0.0 -0.000141495925375 0.0
27 -1.69563943002e-05 0.0 4.45879687347e-05 0.0
28 0.000166268857434 0.0 -0.000172724906726 0.0
29 -0.000326578372841 0.0 0.000152532882469 0.0
30 9.94619288893e-05 0.0 -0.000145543638059 0.0
31 7.70524932418e-05 0.0 7.39654041551e-05 0.0
32 -9.25018579811e-05 0.0 -0.000265720099141 0.0
33 0.00039907516707 0.0 0.000229509524988 0.0
34 -0.000171368504251 0.0 -0.000158355042999 0.0
35 0.000431419405134 0.0 0.000235869987454 0.0
36 -0.000160559218338 0.0 4.7085208008e-05 0.0
37 0.000106723315338 0.0 0.000139237964802 0.0
38 -0.000145458871972 0.0 -8.73665017735e-05 0.0
39 -1.74875164698e-05 0.0 0.000192481826237 0.0
40 0.000219270786584 0.0 -0.000115642944984 0.0
41 -4.28344256982e-05 0.0 0.000125482908713 0.0
42 -0.00019244283776 0.0 7.06144986823e-05 0.0
43 0.000307316015733 0.0 -0.000393342584406 0.0
44 -8.22236954394e-05 0.0 0.000426430031788 0.0
45 0.00039549977 0.0 -0.00030766305848 0.0
46 -0.000122238527978 0.0 0.000482694925199 0.0
47 0.000391091277453 0.0 -0.00017678909487 0.0
48 -2.3107035058e-05 0.0 0.000448940842112 0.0
49 0.000268198293554 0.0 0.000175102060751 0.0

# 2 0
0 0.0993728466851 0.0 0.099328633534 0.0
1 -0.0771319686412 0.0 -0.0775420913499 0.0
2 0.0652179046343 0.0 0.0647580855488 0.0
3 -0.0345142206672 0.0 -0.0350027627799 0.0
4 -0.00508289423945 0.0 -0.00528385071395 0.0
5 -0.0132482287643 0.0 -0.0136624426952 0.0
6 -0.0256112284212 0.0 -0.0259018703389 0.0
7 -0.00678202142408 0.0 -0.00699922618516 0.0
8 -0.0186831549017 0.0 -0.0192718204405 0.0
9 -0.00302957891257 0.0 -0.00326481164706 0.0
10 -0.0086736098464 0.0 -0.00908857368231 0.0
11 -0.00100336223115 0.0 -0.00105262796396 0.0
12 -0.00286712835844 0.0 -0.00329483790229 0.0
13 -0.000126265088723 0.0 -0.000213234463265 0.0
14 -0.000482268806436 0.0 -0.000762102204179 0.0
15 0.000155465400729 0.0 7.30056874633e-05 0.0
16 0.000392878559082 0.0 1.66756308393e-05 0.0
17 5.9612955688e-05 0.0 0.000522229662837 0.0
18 0.000161162155988 0.0 0.000148649755049 0.0
19 0.000249246616456 0.0 0.000310378465992 0.0
20 -9.36221626491e-05 0.0 0.000224008280759 0.0
21 0.000478033567122 0.0 0.0001092630081 0.0
22 -8.01428335198e-05 0.0 0.000421518716003 0.0
23 -3.70908476331e-05 0.0 -1.84323181633e-05 0.0
24 0.000236750551719 0.0 0.000352596745499 0.0
25 6.28636482015e-05 0.0 -0.000168228465954 0.0
26 8.17268781566e-05 0.0 0.000135787381077 0.0
27 0.00010818945372 0.0 -6.48179781099e-05 0.0
28 -6.01983088297e-05 0.0 -4.20788444023e-05 0.0
29 0.000103982740854 0.0 -0.000165334564611 0.0
30 -0.000115126596867 0.0 -2.80069934774e-05 0.0
31 -6.72214791589e-05 0.0 -0.000175054596165 0.0
32 -6.45797727318e-05 0.0 0.000127499320959 0.0
33 -2.13789309551e-05 0.0 0.000188868121358 0.0
34 0.000101160235897 0.0 -0.000288761247851 0.0
35 -0.000332327146075 0.0 0.000106602363885 0.0
36 0.000157247113147 0.0 -0.000202432004031 0.0
37 -0.000222963506792 0.0 -9.3218763591e-05 0.0
38 1.80056959052e-05 0.0 -0.000219685762346 0.0
39 -0.000169420581002 0.0 7.81932128905e-05 0.0
40 -0.000159431924668 0.0 0.000149237344621 0.0
41 8.3453727229e-05 0.0 -3.07686785535e-06 0.0
42 -0.000293234772989 0.0 0.000169308702303 0.0
43 9.30629137219e-05 0.0 8.24841702421e-06 0.0
44 5.10250625554e-05 0.0 0.000170664222479 0.0
45 -0.000353351777683 0.0 -6.46441909795e-07 0.0
46 7.06360415802e-05 0.0 0.000225427690347 0.0
47 -0.000170711421081 0.0 4.23140096574e-05 0.0
48 5.76485649534e-05 0.0 -9.71066329566e-05 0.0
49 -6.51555925702e-05 0.0 0.000204329592132 0.0

# 2 1
0 0.0992238465147 0.0 0.0994526568853 0.0
1 -0.0773433495949 0.0 -0.07719791269 0.0
2 0.0650871933899 0.0 0.0650035524101 0.0
3 -0.0346396287657 0.0 -0.0346143988157 0.0
4 -0.00482500330373 0.0 -0.00531940060873 0.0
5 -0.0134575740509 0.0 -0.0135054486594 0.0
6 -0.0259769344041 0.0 -0.0259811705107 0.0
7 -0.00691550712811 0.0 -0.00685706094297 0.0
8 -0.0192259782649 0.0 -0.0190664586192 0.0
9 -0.00332392061782 0.0 -0.00360281218324 0.0
10 -0.00882626740836 0.0 -0.00893908883802 0.0
11 -0.00111034044602 0.0 -0.00141117299675 0.0
12 -0.00267116932718 0.0 -0.00332691803865 0.0
13 -0.000228057742671 0.0 0.00018198039608 0.0
14 -0.000652264697871 0.0 -0.00108126827751 0.0
15 -8.40226348287e-05 0.0 4.77868367853e-05 0.0
16 0.000270704608058 0.0 -0.000168796879233 0.0
17 -6.443781567e-05 0.0 -3.34796643983e-05 0.0
18 0.000357262777164 0.0 0.000135345821347 0.0
19 0.000166057828178 0.0 -2.50703977004e-05 0.0
20 0.000122615406183 0.0 0.000129995493887 0.0
21 0.0001350516703 0.0 0.000179416982436 0.0
22 0.00031866582951 0.0 0.000222779222358 0.0
23 0.000162380322413 0.0 -0.000155243905653 0.0
24 0.00015722748713 0.0 0.000142871619563 0.0
25 0.000285856820367 0.0 -0.000129551740478 0.0
26 -9.63916581033e-05 0.0 -9.92182813122e-06 0.0
27 -1.36935110002e-05 0.0 -0.000156560651261 0.0
28 -8.12546740962e-06 0.0 7.55921958164e-06 0.0
29 0.000261889579364 0.0 -0.000172110497735 0.0
30 -8.29987960567e-05 0.0 0.000135906607959 0.0
31 -8.78569771745e-06 0.0 -0.000165310517104 0.0
32 1.85244258338e-05 0.0 -0.000272300529815 0.0
33 -0.000337899008824 0.0 -2.70982386274e-05 0.0
34 0.000190461824849 0.0 -7.99398217314e-05 0.0
35 -0.000421890840808 0.0 4.23548950648e-05 0.0
36 4.68384552066e-05 0.0 -1.18578202894e-05 0.0
37 -0.000145935497555 0.0 -0.000138526231434 0.0
38 -0.000223882191277 0.0 9.5008048863e-06 0.0
39 0.000172538464769 0.0 -8.4513998799e-05 0.0
40 -0.000111566514289 0.0 7.71918458343e-05 0.0
41 -8.59878380662e-05 0.0 0.000150531965385 0.0
42 3.20298878332e-05 0.0 2.44581946644e-06 0.0
43 1.02486847593e-05 0.0 -3.02551445761e-05 0.0
44 3.57430949501e-05 0.0 -1.85226164053e-06 0.0
45 8.10866909307e-05 0.0 -4.49694541901e-05 0.0
46 -7.25994865844e-05 0.0 -2.74217363639e-05 0.0
47 0.000120291009923 0.0 -0.000325961173743 0.0
48 -0.000448273433388 0.0 -3.35545827484e-06 0.0
49 0.000226006467802 0.0 -0.000120179971447 0.0

# 2 2
0 -0.245127244043 0.0 -0.245844793791 0.0
1 -0.0995843654732 0.0 -0.0994768763047 0.0
2 -0.142551309387 0.0 -0.143059408519 0.0
3 -0.286450879004 0.0 -0.286815785533 0.0
4 -0.0285652297418 0.0 -0.0284265103561 0.0
5 -0.295666172426 0.0 -0.296029201115 0.0
6 0.00394578531093 0.0 0.00423037310239 0.0
7 -0.204595507392 0.0 -0.204923720427 0.0
8 0.00502770043136 0.0 0.00548957320863 0.0
9 -0.112486578632 0.0 -0.112773656939 0.0
10 0.00236144358354 0.0 0.00240326614331 0.0
11 -0.0522229891831 0.0 -0.0528334318017 0.0
12 0.00031634696214 0.0 0.000827315804356 0.0
13 -0.0213553278978 0.0 -0.0219033692851 0.0
14 3.42039042556e-05 0.0 0.000447570535959 0.0
15 -0.00786168522379 0.0 -0.00805075919428 0.0
16 -0.000125749029172 0.0 0.000350289671153 0.0
17 -0.00231953832794 0.0 -0.00279104306878 0.0
18 -4.60822108812e-06 0.0 0.000381060878776 0.0
19 -0.000620422793777 0.0 -0.00108266974795 0.0
20 0.000333779805431 0.0 0.00043547725186 0.0
21 6.54166123241e-05 0.0 -0.000173467692799 0.0
22 0.00051255846173 0.0 -0.000157719437408 0.0
23 0.000497039188439 0.0 0.000118393390263 0.0
24 0.000471177779098 0.0 -0.000251914713561 0.0
25 8.37203052458e-05 0.0 -9.52688543977e-05 0.0
26 0.000351903643587 0.0 -0.000283736362258 0.0
27 -9.93748423243e-05 0.0 -0.000206602230198 0.0
28 8.3075536391e-05 0.0 -0.000103274160834 0.0
29 -0.000379785242511 0.0 -8.94004719947e-05 0.0
30 0.00037174461558 0.0 -0.000265400196313 0.0
31 -0.000146396410582 0.0 -6.75717721817e-05 0.0
32 -5.88775929319e-05 0.0 -0.000278613792458 0.0
33 0.000234619103348 0.0 5.88453599044e-05 0.0
34 -0.000166684031269 0.0 -0.000165224630895 0.0
35 0.000534805108458 0.0 -0.000395300849934 0.0
36 -0.000177387332052 0.0 -0.000153233224328 0.0
37 -7.48057578905e-05 0.0 0.000225583315509 0.0
38 6.97569968559e-05 0.0 2.29998961853e-05 0.0
39 -3.5832700392e-05 0.0 0.000214326270272 0.0
40 -0.000163748050103 0.0 -0.000110559438881 0.0
41 -0.000324014799207 0.0 0.000145555889449 0.0
42 -0.000169291590937 0.0 -4.44202373617e-06 0.0
43 -0.000201873407059 0.0 0.000221656968057 0.0
44 -0.000134392836946 0.0 -5.35733129077e-05 0.0
45 0.000178054809346 0.0 -5.04989603755e-05 0.0
46 -0.000170836699437 0.0 -0.000340897161606 0.0
47 0.000140241192849 0.0 6.74537698693e-06 0.0
48 0.000100834064438 0.0 -0.000307177921008 0.0
49 -0.000109368239734 0.0 -0.000418887897608 0.0

